16311 3 24.235004678724124 0 0 1
20517 4 16.023066950169795 0 0 1
20512 3 79.46246126168863 0 0 1
19403 1 51.953338928644875 0 0 1
9239 3 11.489789030257036 0 0 1
2081 4 97.66607998581848 1 0 0
6276 3 93.04247652865126 0 0 1
14007 3 39.56943065746694 0 0 1
10739 4 2.766315560809385 0 0 1
10809 3 76.13638116853565 0 0 1
22831 1 95.68072880350849 0 0 1
5045 4 47.799390764552406 0 0 1
131 3 30.487044743197366 1 0 0
18074 4 3.4706413960197913 0 0 1
13238 4 4.47728898148786 0 0 1
18093 3 22.24767704978684 0 0 1
5435 2 49.670463648183535 0 1 0
20463 2 30.101676794821042 0 0 1
9628 2 5.296461814989916 0 0 1
15713 3 49.79881025242779 0 0 1
14651 1 90.2320957460884 0 0 1
14118 4 79.321448286082 0 0 1
18227 3 85.03535474135612 0 0 1
12903 1 95.67081451463079 0 0 1
22615 4 94.57689976466929 0 0 1
15434 3 42.86841038844923 0 0 1
18573 4 88.87345041977048 0 0 1
2668 3 55.64059475571808 1 0 0
16463 4 18.71486042934316 0 0 1
10298 2 43.76656591316189 0 1 0
14636 4 23.361964578304217 0 0 1
11079 2 71.17983963416498 0 0 1
20137 3 6.479249040028378 0 0 1
22607 4 93.10990052229356 0 0 1
8787 1 62.2469401028297 0 1 0
10968 3 2.9940546249394573 0 0 1
11065 2 12.149664452205911 0 0 1
21504 1 7.427378752861758 0 0 1
9602 1 32.33007688427422 0 0 1
19773 2 15.586161142053733 0 0 1
16355 1 46.879662416608525 0 0 1
21623 3 52.580004057648075 0 0 1
18509 2 61.456628600926244 0 0 1
6147 3 91.97002622192215 1 0 0
13397 1 58.801361598074706 0 0 1
10655 1 38.83290899375167 0 0 1
12158 3 59.87967904889315 0 0 1
14630 2 73.53821172446823 0 0 1
22733 3 25.527178943006245 0 0 1
712 3 9.811819914365739 1 0 0
17224 4 79.78537365557771 0 0 1
14084 1 5.342106112288159 0 0 1
22448 4 40.99139008496076 0 0 1
14309 4 45.494634715915225 0 0 1
2036 1 55.67381812637146 0 1 0
17596 2 61.671521000988584 0 0 1
131 3 16.171950891822696 1 0 0
22237 4 36.205318985937005 0 0 1
3071 1 70.57548052259965 1 0 0
7261 4 30.824774994215375 0 0 1
14622 3 85.20563518087823 0 0 1
13277 2 80.76864623985264 0 0 1
18834 4 19.74313187582841 0 0 1
13592 2 51.33910428361447 0 0 1
14396 4 14.757200502397216 0 0 1
11465 1 17.550770909604196 0 0 1
5126 2 54.4944727774198 0 1 0
11302 3 14.705271363374017 0 0 1
19406 2 55.22596636625511 0 0 1
601 1 12.052042089481896 0 1 0
10989 2 84.29079954674474 0 0 1
21853 4 81.71903549567283 0 0 1
13659 3 47.470814774834345 0 0 1
22783 1 99.03480897181353 0 0 1
880 2 94.92217731222306 1 0 0
14498 3 1.1261050887722335 0 0 1
1579 4 8.207338519610474 1 0 0
15013 2 10.860427642487869 0 0 1
9783 4 4.829754667732667 0 0 1
22484 1 70.09612515900517 0 0 1
12472 3 61.07842252929257 0 0 1
18363 3 16.77607761984833 0 0 1
17999 2 30.131041220246168 0 0 1
4727 1 36.31508058515184 0 0 1
16007 1 58.622323133414476 0 0 1
5733 4 50.33338438414749 0 0 1
3322 1 61.824059093756404 0 1 0
19540 4 11.11450999140432 0 0 1
1699 3 52.959843020515585 1 0 0
17000 2 13.93726139163588 0 0 1
5201 3 75.93152561938086 1 0 0
3946 3 42.059704110451804 0 1 0
2784 2 19.994949350621493 1 0 0
21225 4 20.71479742479696 0 0 1
18201 3 99.00629174586386 0 0 1
21671 3 81.79809066890199 0 0 1
12782 4 23.270783849186895 0 0 1
4627 4 64.46041663777139 0 1 0
5831 4 37.45446952348864 0 0 1
22198 4 87.72284263880601 0 0 1
22229 2 19.34571114303816 0 0 1
1273 2 98.35491739270721 1 0 0
2316 1 49.54284608315631 0 1 0
3141 2 94.13565037190934 1 0 0
11796 1 56.65164542259183 0 0 1
15726 3 52.47247711838359 0 0 1
454 1 93.74228147957265 1 0 0
19775 1 15.096545345438251 0 0 1
10027 3 4.269649479281091 0 0 1
21485 3 28.78101232503768 0 0 1
5024 3 26.219005387276273 0 0 1
5763 2 62.02755416196701 1 0 0
17428 1 65.90533578320004 0 0 1
18644 3 80.40778853871798 0 0 1
9575 1 43.82085580450038 0 0 1
18005 4 95.39083182398554 0 0 1
1523 3 87.56936803866002 1 0 0
5097 1 9.383508765434268 0 0 1
6611 2 76.81565041106255 0 1 0
19065 2 74.39089384560326 0 0 1
14770 4 55.065946352130105 0 0 1
2536 2 3.8945632226298432 1 0 0
18284 2 27.924065924016016 0 0 1
21806 4 22.65440501127052 0 0 1
8933 2 99.36483394927053 0 0 1
15680 1 82.26449035692823 0 0 1
19777 1 30.849518390543484 0 0 1
17721 2 91.21995527525681 0 0 1
1591 3 84.28016334884464 1 0 0
2432 3 16.45213457477912 1 0 0
3437 2 62.54273686314279 1 0 0
20942 4 72.92409815546078 0 0 1
6008 3 41.60187351563862 0 1 0
19127 1 72.7954017296961 0 0 1
10590 3 88.8488418948847 0 1 0
12055 4 4.3988794492856975 0 0 1
3450 2 43.923318333160154 1 0 0
11662 2 32.04585708217744 0 0 1
4689 1 52.96992927414648 0 0 1
20673 3 83.39996984420988 0 0 1
20402 4 64.88123453076835 0 0 1
10015 3 34.430893772620806 0 1 0
20115 3 30.336272357359384 0 0 1
19181 2 30.063407027005717 0 0 1
14829 3 70.37191314284273 0 0 1
12635 4 38.54657099395678 0 0 1
2467 3 72.01446461830841 1 0 0
12196 1 30.94290485749204 0 0 1
17778 3 12.530061808000037 0 0 1
225 4 85.32560518909177 1 0 0
22691 2 41.690948799454176 0 0 1
6052 4 24.308547073399144 0 0 1
13153 1 60.854527888280074 0 0 1
17693 3 20.1414632739067 0 0 1
15710 2 18.55452165250533 0 0 1
6077 1 14.191596863764344 0 0 1
3416 2 1.8376895650269676 1 0 0
17418 1 47.30083207220326 0 0 1
5534 1 90.0616039251914 1 0 0
22497 4 39.0390991375147 0 0 1
14363 1 69.80296590395267 0 0 1
17551 2 71.74323874924343 0 0 1
9967 1 94.60319434876699 0 0 1
4585 2 68.59579680120024 1 0 0
13835 1 37.37760996146468 0 0 1
13737 3 22.707906476821037 0 0 1
1155 4 94.50255394167775 1 0 0
12031 4 59.7598448922834 0 0 1
6414 4 94.12551526093023 0 0 1
16543 2 53.444433795215716 0 0 1
17174 1 64.55790174751179 0 0 1
1619 1 68.66268433617681 1 0 0
21717 4 76.33751173656633 0 0 1
4850 1 69.73518580478675 0 1 0
16774 1 70.50447098848265 0 0 1
12989 3 92.10232875401645 0 0 1
16869 3 79.82421724796107 0 0 1
17674 3 58.063796164765215 0 0 1
201 1 85.30549442408969 1 0 0
12629 3 96.71327231779172 0 0 1
13136 1 90.77922664179437 0 0 1
6190 2 61.70551644903908 0 1 0
17706 4 49.09181358912071 0 0 1
19297 2 88.88508021715477 0 0 1
1458 1 7.377989387883977 0 1 0
10207 1 89.83156106767271 0 0 1
12999 3 20.854963715551953 0 0 1
4738 2 82.44566809297973 1 0 0
18861 4 96.75050667210648 0 0 1
6015 4 40.91105786670216 0 0 1
12408 1 96.6587700488161 0 0 1
17914 1 34.50415634434292 0 0 1
5263 2 38.313497122220596 0 1 0
18279 1 77.26052848195613 0 0 1
16921 2 80.16959913233504 0 0 1
16962 1 42.60211277687523 0 0 1
2272 2 45.17046755549158 1 0 0
13642 3 2.532326801629925 0 0 1
16664 1 86.71561032839061 0 0 1
12754 3 28.45088471454553 0 0 1
18919 3 30.385653768174457 0 0 1
21787 4 68.24979787898343 0 0 1
7561 2 41.87049339625548 0 1 0
7226 1 75.03664692990702 0 1 0
18133 1 94.41059542758184 0 0 1
19976 2 69.18835304186321 0 0 1
2102 2 99.71731100420827 1 0 0
11648 1 34.75368005387227 0 0 1
15974 1 53.7896033928174 0 0 1
3521 4 80.46806460000899 1 0 0
8190 1 54.483262136187214 0 0 1
3586 1 86.48029914935566 1 0 0
4261 2 9.49318716860561 0 0 1
12188 3 41.66480568743032 0 0 1
8996 4 52.146324257102265 0 0 1
4626 1 89.14080367595862 1 0 0
19304 3 65.82606844386383 0 0 1
14299 1 5.063303518215523 0 0 1
20611 1 25.899842665088933 0 0 1
15841 3 58.300636341104806 0 0 1
22847 1 57.82908482166196 0 0 1
6169 2 36.36697907877367 0 1 0
11077 2 81.02138902782946 0 0 1
13587 3 80.72094864232339 0 0 1
4226 2 26.44196372047134 1 0 0
15571 2 86.74575987018953 0 0 1
7028 1 40.72726047643683 0 0 1
20462 3 79.55259527611679 0 0 1
2962 4 96.41660511696209 1 0 0
20108 3 45.044508537104164 0 0 1
22792 3 35.004224734598246 0 0 1
155 1 49.97852051460825 1 0 0
3706 1 62.06810711446173 0 1 0
754 4 28.2911123789898 1 0 0
5257 1 69.19523607936917 0 1 0
15504 4 1.617433452305761 0 0 1
19502 1 70.42352824630903 0 0 1
10319 1 77.3346774998175 0 0 1
2236 1 48.276006435272734 0 1 0
22258 1 69.88049139371374 0 0 1
4807 1 10.175932430691692 0 0 1
5270 1 92.510660752453 1 0 0
2354 2 56.29449920391396 1 0 0
9943 2 93.72671216081618 0 0 1
10610 1 68.07399699357049 0 0 1
3177 2 71.67122122000319 1 0 0
5687 4 98.3554998277602 1 0 0
757 4 1.891696372678986 1 0 0
13263 3 1.9750727149279057 0 0 1
12023 2 99.73543769662517 0 0 1
2504 4 4.8176971517095435 0 1 0
1593 1 3.6681251904637335 0 1 0
3323 3 1.7622522052354372 1 0 0
18766 1 85.10546700649643 0 0 1
20489 2 74.03070207206252 0 0 1
4145 3 43.695464254422845 0 1 0
1839 2 65.67369034069156 1 0 0
17823 4 43.86111913464666 0 0 1
17743 4 90.97475910818297 0 0 1
3548 3 52.97013598823695 1 0 0
13980 2 10.31501919896436 0 0 1
8625 1 97.5867198987942 0 0 1
12702 1 4.575903335343479 0 0 1
10145 4 10.416433034741923 0 0 1
15856 1 57.72341557790471 0 0 1
2970 4 75.00058285208918 1 0 0
14850 3 76.25460542676993 0 0 1
816 4 20.862207652351817 1 0 0
14661 1 2.3244792898622246 0 0 1
12681 1 91.24873300822756 0 0 1
18753 2 26.426009828086215 0 0 1
17735 4 16.14244125662554 0 0 1
2038 3 54.470794481719 1 0 0
12007 2 21.791030237266185 0 0 1
18492 2 4.205064446199369 0 0 1
570 4 96.3075610086096 1 0 0
17658 3 85.47364922802299 0 0 1
10248 3 90.24916918453704 0 0 1
1032 3 88.48002013589291 1 0 0
8917 3 47.54237330343096 0 1 0
13564 3 61.637087707792084 0 0 1
7368 4 51.40249526048284 0 0 1
1445 4 95.80287616567183 1 0 0
189 4 2.405330828227248 1 0 0
13774 1 51.77608559073932 0 0 1
3698 2 71.70891633604354 1 0 0
21141 4 22.205541063542555 0 0 1
1273 3 46.37681471925019 1 0 0
981 4 24.04833524849511 1 0 0
14415 2 90.2946814377789 0 0 1
3490 1 82.08566694563815 1 0 0
2031 2 22.45894740447153 1 0 0
11946 1 13.651755549377498 0 0 1
5170 4 83.2981250646002 1 0 0
2259 2 27.716175936272137 1 0 0
1108 3 42.69841872081177 1 0 0
14359 4 43.03751603032953 0 0 1
1096 2 53.768929316447256 1 0 0
6300 1 37.717755932556216 0 0 1
2587 4 82.00768581689842 1 0 0
19475 1 10.760981368556832 0 0 1
16435 2 28.015849569968974 0 0 1
13827 2 51.99370957285828 0 0 1
17736 3 5.538825833145422 0 0 1
14854 1 33.94072556267547 0 0 1
22224 4 57.36224703224255 0 0 1
17405 3 4.161672159926 0 0 1
4472 1 66.11820637523842 0 1 0
14880 4 32.518296332343176 0 0 1
5762 2 1.7101820914916188 0 0 1
16503 4 60.42694448214838 0 0 1
6206 1 2.8790609101530085 0 0 1
17544 3 81.10920281332393 0 0 1
14102 1 8.130248943872232 0 0 1
17069 3 16.12726165043201 0 0 1
13398 2 76.23298908365224 0 0 1
17145 4 26.20812467050192 0 0 1
6428 1 93.8857089425763 0 0 1
12106 2 27.839044697334625 0 0 1
2519 1 87.70022041504924 1 0 0
5211 4 72.85911385469593 1 0 0
10991 3 98.86588646591038 0 0 1
2665 3 69.97026719678378 1 0 0
11086 4 55.8725191450101 0 0 1
15875 3 85.62413137515918 0 0 1
7207 4 87.34523726545606 0 1 0
8001 4 0.1753051295552588 0 0 1
8137 4 51.911369006409245 0 0 1
1444 3 23.78095102334892 1 0 0
19656 4 53.30084665310727 0 0 1
2871 3 97.7122266184706 1 0 0
15761 3 39.488113679932134 0 0 1
15633 3 40.154140324813206 0 0 1
964 1 17.212585544011972 0 1 0
16126 1 3.0231708176199357 0 0 1
14337 4 14.95152461495377 0 0 1
7219 4 16.83042458929326 0 0 1
12978 1 95.3364855208996 0 0 1
8768 1 35.3536012292857 0 0 1
2688 3 3.7622638165786593 1 0 0
16484 4 89.232470331335 0 0 1
11224 4 74.88338029659427 0 0 1
13629 3 98.1364202301529 0 0 1
10708 3 38.86256090478374 0 0 1
16842 4 22.62272132393831 0 0 1
3372 1 40.35118730131345 0 1 0
4688 1 99.15198403812647 1 0 0
14894 2 25.653342837850357 0 0 1
11506 2 52.08159125219052 0 0 1
14312 1 67.45069147471175 0 0 1
4812 2 14.13537648502835 0 0 1
11843 3 86.62996069343353 0 0 1
12905 2 78.3520166489457 0 0 1
1500 4 31.6310084234266 1 0 0
11378 1 8.537268870545 0 0 1
18027 4 76.48159104983225 0 0 1
18787 4 27.664947548349307 0 0 1
2441 1 68.15240503109709 1 0 0
7848 3 2.55501519385003 0 0 1
4025 3 65.58823804858359 1 0 0
6653 3 33.75809761847389 0 1 0
16510 3 69.97048326147873 0 0 1
13813 1 19.335666441400832 0 0 1
2011 4 6.35323178343179 0 1 0
10191 2 84.77285217516986 0 1 0
1860 2 18.38718827981817 1 0 0
2469 2 95.41283950187172 1 0 0
18460 1 22.687964870976053 0 0 1
11893 3 96.56197671156907 0 0 1
6805 2 9.490485457525121 0 0 1
19751 3 55.974425469290466 0 0 1
9935 4 98.21959268519997 0 0 1
18892 4 27.163304892249375 0 0 1
3918 3 66.8459517273496 1 0 0
18590 3 65.46841710814286 0 0 1
14361 1 83.42121744619982 0 0 1
7356 4 34.79239168514777 0 0 1
18056 3 17.719983863761456 0 0 1
17854 1 56.33913964769881 0 0 1
10336 3 95.8681157665501 0 0 1
471 4 3.6796177629601856 1 0 0
2660 1 56.30563841035844 0 1 0
22571 3 15.346446110985934 0 0 1
19924 1 51.20235567808871 0 0 1
17145 4 18.425026015784283 0 0 1
14978 1 22.988615968679415 0 0 1
953 1 67.95553060104362 1 0 0
17823 1 35.1421281321891 0 0 1
17065 2 58.26672055611236 0 0 1
16327 1 93.63226900603432 0 0 1
22574 3 46.69519752493173 0 0 1
19005 1 9.001004875637886 0 0 1
7664 3 7.756372747896512 0 0 1
77 2 97.17690220596168 1 0 0
18803 2 59.16755113271357 0 0 1
21695 2 32.686236740408106 0 0 1
8865 4 39.80803105563888 0 0 1
21860 4 63.54007598589221 0 0 1
15230 4 85.55226613427048 0 0 1
20049 2 90.02410139717566 0 0 1
18189 4 20.934066590788824 0 0 1
6377 3 46.87101432452094 0 1 0
394 2 33.98371602960609 1 0 0
1004 3 11.514251153544052 1 0 0
9972 1 16.704745854407253 0 0 1
13282 4 71.65361261056862 0 0 1
22557 1 65.08943953138389 0 0 1
13564 2 9.243886179799055 0 0 1
4942 2 38.06561378766792 0 1 0
16857 1 10.96896070666904 0 0 1
11661 4 64.26351143578816 0 0 1
11208 4 67.69648049492358 0 0 1
15370 2 66.11944930404138 0 0 1
9559 3 27.419721445545385 0 0 1
13855 3 91.9086237105386 0 0 1
13203 2 72.56873353484275 0 0 1
11353 3 24.327334913335285 0 0 1
7088 2 87.78505338404673 0 1 0
10172 4 77.91577292345096 0 1 0
11371 1 7.4632810034525825 0 0 1
22555 3 32.80588651110246 0 0 1
4321 4 2.416241489799642 0 0 1
19019 2 47.0606417708288 0 0 1
13237 4 5.453647828383068 0 0 1
17871 1 79.49546427977577 0 0 1
14307 2 39.6995561461451 0 0 1
4122 4 66.78090041011679 0 1 0
3564 3 9.021762241981845 0 1 0
18078 4 77.44681667796435 0 0 1
16542 2 24.60429612900441 0 0 1
9488 1 97.95882398238061 0 0 1
22997 4 67.74737279701759 0 0 1
3487 1 46.32120098977809 0 1 0
3917 1 48.40035539424953 0 1 0
10723 4 2.868775463353279 0 0 1
3903 4 88.3824784317221 1 0 0
7017 4 59.421780012745174 0 0 1
16042 4 94.07107900323967 0 0 1
2781 2 22.359239297118805 1 0 0
22549 2 46.572911100193245 0 0 1
20860 4 35.171663513445225 0 0 1
154 1 18.763562821391677 0 1 0
19814 4 76.6242886300305 0 0 1
14394 1 73.49302116447758 0 0 1
5164 1 23.92667588017906 0 0 1
9438 2 30.80998074589637 0 0 1
1328 3 70.57946793175718 1 0 0
11692 1 44.03839066368464 0 0 1
685 3 47.35857039487913 1 0 0
10403 2 54.41989976677928 0 1 0
13278 4 95.89230731364714 0 0 1
9518 3 15.975363061771041 0 0 1
11431 3 88.36702937621533 0 0 1
2889 2 90.084961017746 1 0 0
3056 3 17.12774945809349 1 0 0
8050 1 1.5751119233404554 0 0 1
18703 2 4.576546064775188 0 0 1
14407 3 53.05374922848928 0 0 1
4598 1 9.253998542283636 0 0 1
3223 2 94.76384106548154 1 0 0
6748 4 47.94680152991961 0 0 1
765 3 5.925996126871514 1 0 0
4935 4 77.91442912507041 1 0 0
16822 4 27.69968197631938 0 0 1
16500 4 16.87292726533316 0 0 1
19359 2 94.48175295004228 0 0 1
22630 3 42.406346836463825 0 0 1
14758 4 90.94064904563524 0 0 1
8478 3 45.374643412264135 0 1 0
21091 1 48.30253422558023 0 0 1
18436 1 94.217543553206 0 0 1
488 2 20.99708092480418 1 0 0
19979 3 46.57091467398171 0 0 1
3601 3 19.55782391842471 1 0 0
15430 4 61.25678077442445 0 0 1
10519 1 38.06570829340291 0 0 1
8118 1 74.60944861032345 0 1 0
22386 2 4.52179359040088 0 0 1
6621 3 9.574432018009837 0 0 1
20525 4 5.121571634821553 0 0 1
19161 2 50.56799962156162 0 0 1
14444 4 22.951437533073392 0 0 1
714 2 0.4047432486675384 1 0 0
19827 3 77.29780719162834 0 0 1
16795 3 13.567099131056526 0 0 1
10257 2 20.398772646350526 0 0 1
3308 4 90.77124948071766 1 0 0
15929 4 17.612275098357077 0 0 1
12704 3 8.43149484524548 0 0 1
1316 4 7.84610978135003 1 0 0
13281 3 20.682113795889244 0 0 1
7333 2 71.60387341553466 0 1 0
11839 4 5.710246527204532 0 0 1
22864 4 61.744894413366346 0 0 1
13524 2 69.1022578972054 0 0 1
96 1 19.3203516786568 0 1 0
13281 3 68.71304925294898 0 0 1
6257 1 75.60490109310432 0 1 0
3488 2 84.42433811072705 1 0 0
10453 4 58.35325132948164 0 0 1
20449 4 35.44304789640105 0 0 1
22117 1 81.7221056073142 0 0 1
13209 3 3.070766748009379 0 0 1
14362 4 16.24460670161443 0 0 1
22723 4 70.90405089037574 0 0 1
5475 3 48.44983707351786 0 1 0
7606 4 62.14414108792272 0 1 0
21024 1 44.593865068755846 0 0 1
7218 4 67.23269333061768 0 1 0
22219 2 4.609335937133652 0 0 1
3863 4 88.70359112467466 1 0 0
10255 1 10.57243012575565 0 0 1
14560 4 25.45377052030233 0 0 1
12464 2 48.20213172548537 0 0 1
19628 2 9.279710540839591 0 0 1
16103 1 74.30714667778963 0 0 1
20036 4 43.37962435047421 0 0 1
10919 1 61.52819370988563 0 0 1
14610 1 68.65092141215817 0 0 1
22254 1 22.72292228133078 0 0 1
13356 1 59.27210604682022 0 0 1
922 4 79.1300633825319 1 0 0
11886 3 76.68921676506028 0 0 1
19577 2 21.938598617920057 0 0 1
19650 3 60.35829852798782 0 0 1
6590 4 38.67474889602435 0 0 1
18877 3 16.24346470687048 0 0 1
9620 3 51.18911019562105 0 1 0
20991 2 59.138846504308276 0 0 1
16449 1 87.95139566904524 0 0 1
5529 1 43.5635379586684 0 0 1
13028 3 91.50085436986392 0 0 1
19892 2 68.6503990872323 0 0 1
1983 2 23.604313294272195 1 0 0
14640 3 95.67873338363033 0 0 1
16576 4 61.97608786851831 0 0 1
5777 1 70.44128976682076 0 1 0
773 1 99.03722127597051 1 0 0
5719 4 86.42908721532062 1 0 0
3007 2 25.546136991400925 1 0 0
21336 2 65.99233351061102 0 0 1
11296 1 60.11606075278038 0 0 1
16955 2 24.508359577568218 0 0 1
17911 4 24.43200066170258 0 0 1
15053 1 33.662105130516196 0 0 1
7989 3 47.864087341133335 0 1 0
13114 3 22.912588004912937 0 0 1
5657 1 53.3049786103831 0 0 1
8935 4 78.95893707654983 0 1 0
5893 2 47.28437696938676 0 1 0
16231 2 89.59831471954307 0 0 1
18793 4 35.26871089076744 0 0 1
17655 2 66.03932186346947 0 0 1
3044 4 60.76129139820933 1 0 0
6972 3 93.93969758323759 0 0 1
14360 3 32.288058245252714 0 0 1
13862 2 52.805212690326876 0 0 1
12803 4 43.18382429596297 0 0 1
7436 3 92.73390320535339 0 0 1
17350 1 97.56904466705039 0 0 1
8408 2 20.820302837996486 0 0 1
2466 1 54.00021785937751 0 1 0
7959 3 73.03933642130562 0 1 0
21824 3 62.648070852077076 0 0 1
15621 2 94.48800877774212 0 0 1
11859 1 58.854565621120344 0 0 1
17214 4 27.041395181204088 0 0 1
19318 2 46.57748166543397 0 0 1
15530 4 81.53159998605267 0 0 1
12063 1 50.27259281980426 0 0 1
12494 3 16.425613409976613 0 0 1
12798 3 78.59846040336666 0 0 1
18159 3 38.78950758153685 0 0 1
9089 4 53.055163303647525 0 0 1
15605 2 10.39820999401957 0 0 1
796 3 39.071169238422996 1 0 0
2591 3 73.68653951696378 1 0 0
4097 2 35.60452044347292 0 1 0
10213 1 92.52920716574468 0 0 1
10335 1 46.18592766251034 0 0 1
18524 4 32.46439061253734 0 0 1
2720 3 63.34959350565893 1 0 0
18833 3 27.003466860290494 0 0 1
19935 3 48.108136708867434 0 0 1
7437 2 1.3524388534567389 0 0 1
21151 4 4.753206285653988 0 0 1
2881 3 54.650084997683855 1 0 0
11275 1 21.713574516358747 0 0 1
6329 1 56.33256626141988 0 0 1
916 3 34.07536135044625 1 0 0
5366 2 53.28084037907676 0 1 0
17076 4 29.949575615416478 0 0 1
15193 3 40.999303970307174 0 0 1
16696 3 68.13319132345367 0 0 1
17839 3 45.40343997796937 0 0 1
20380 2 50.11153667020293 0 0 1
36 3 30.239324087897078 1 0 0
3102 4 26.739605682786383 1 0 0
9202 1 69.28555159895744 0 1 0
21678 1 54.95306695848006 0 0 1
11280 2 50.05191430697764 0 0 1
14084 2 18.319026636651802 0 0 1
22810 1 46.63071351987485 0 0 1
7300 2 7.552028407498035 0 0 1
16846 4 70.80478812723567 0 0 1
500 1 23.39004979943333 0 1 0
1100 1 81.7873868160085 1 0 0
18044 2 19.233635376886404 0 0 1
22046 2 72.56712978245994 0 0 1
21461 2 79.1712341169507 0 0 1
22657 4 13.447580180371565 0 0 1
7280 1 17.605628121779503 0 0 1
16690 2 96.88457470909914 0 0 1
11228 4 58.50768320225739 0 0 1
2192 3 10.201614300676153 1 0 0
15685 1 78.88950906783766 0 0 1
2449 2 49.458339749682914 1 0 0
19835 3 85.63242279814295 0 0 1
3419 1 56.10076730663647 0 1 0
17301 1 95.23570969666989 0 0 1
4623 3 2.663483170199721 0 0 1
10086 3 39.968046387978426 0 1 0
6208 4 11.53968144487182 0 0 1
1847 3 73.58942887250736 1 0 0
10900 1 65.68888171217621 0 0 1
2291 1 67.24045759432597 1 0 0
15699 3 58.305594439233474 0 0 1
12076 4 97.92787004810766 0 0 1
21602 3 43.30413464150789 0 0 1
9883 4 44.61799106096927 0 0 1
5251 2 45.55156625244712 0 1 0
11510 1 31.318418867494323 0 0 1
13184 2 91.85636081622248 0 0 1
2088 3 33.40554035291646 1 0 0
5258 3 45.73609838575226 0 1 0
19065 2 88.2512661003347 0 0 1
12456 4 3.0724014476071315 0 0 1
4926 1 99.01480193917946 1 0 0
5837 4 6.231635116994216 0 0 1
3914 2 71.07888945162509 1 0 0
20096 3 2.5896748443887896 0 0 1
7129 2 83.49807691279281 0 1 0
16369 3 43.33961472156612 0 0 1
13457 1 37.14867947227716 0 0 1
2534 2 40.86153708353556 1 0 0
22028 3 80.87453689343609 0 0 1
19661 3 70.85992476855547 0 0 1
22402 1 45.3439159779199 0 0 1
4182 2 79.1806943501207 1 0 0
9036 3 89.79421913158295 0 0 1
19290 4 85.14770770852496 0 0 1
20773 3 22.252239282192054 0 0 1
8331 1 33.03684856164423 0 0 1
1156 3 1.7764782956942504 1 0 0
19287 3 42.7506891573168 0 0 1
16148 4 89.05959893794298 0 0 1
12739 4 28.872410854929086 0 0 1
3832 3 26.32594439655459 1 0 0
21915 4 65.25530225190973 0 0 1
15530 2 0.5216489143621161 0 0 1
10080 3 58.52280246736217 0 1 0
15569 3 56.670560512132774 0 0 1
15725 3 88.88008519744332 0 0 1
19049 1 66.99338376608122 0 0 1
2957 1 78.22546922024007 1 0 0
19948 4 41.68254444679022 0 0 1
4453 3 43.63991510187078 0 1 0
15131 2 59.50179574670542 0 0 1
21112 1 96.05444749459114 0 0 1
13078 2 50.73465226056463 0 0 1
6603 2 98.56490891964731 0 0 1
6848 3 36.22517698057223 0 1 0
11861 3 22.984938093631413 0 0 1
2066 3 98.81041805860032 1 0 0
3707 3 45.492839664734575 1 0 0
14924 2 76.4966202304627 0 0 1
18473 3 28.515003821427175 0 0 1
13775 3 39.12855802299933 0 0 1
9388 2 14.364209016989093 0 0 1
1286 2 65.57818813783199 1 0 0
14438 2 41.869199523797185 0 0 1
6018 3 29.858013344824908 0 0 1
12285 4 17.73416747429799 0 0 1
14080 3 39.95611959553842 0 0 1
11094 4 74.28152519373137 0 0 1
3347 3 40.19163883951072 1 0 0
8857 3 11.37569007755922 0 0 1
6828 4 78.78632165091629 0 1 0
2089 1 6.702840701228141 0 1 0
15737 2 79.11283284642855 0 0 1
7828 4 31.383541666687876 0 0 1
19743 3 12.373366297949095 0 0 1
21510 4 90.50047141126025 0 0 1
8852 1 7.63090549837655 0 0 1
21794 1 26.09875707545838 0 0 1
15270 3 13.195026341982219 0 0 1
14320 4 46.315396881453275 0 0 1
9997 1 32.077330030703536 0 0 1
19095 4 43.45846664931856 0 0 1
14605 1 38.98840083673545 0 0 1